40.71016483465332
-73.84730104594074
123456789987654321
40.7171623428852
-73.85230007477534
123456789987654321
40.71415201610113
-73.99647331895032
123456789987654321
40.68840529784672
-73.98765856128169
123456789987654321
40.7062684074564
-73.79312383244581
123456789987654321
40.68155871957738
-73.91123087477716
123456789987654321
40.69887822836177
-73.91449046312601
123456789987654321
40.71628527319968
-73.96471136128031
123456789987654321
40.67454302701585
-73.95263254778729
123456789987654321
40.721373607627235
-73.99556412505967